----------------------------------------
----------------------------------------
min: 1.998128056526184 max: 1.998128056526184 mean: 1.9981280565261841.998128056526184

----------------------------------------
min: 2.03255033493042 max: 2.03255033493042 mean: 2.032550334930422.03255033493042

----------------------------------------
min: 24.91818618774414 max: 24.91818618774414 mean: 24.9181861877441424.91818618774414

----------------------------------------
min: 12.691475868225098 max: 12.691475868225098 mean: 12.69147586822509812.691475868225098

----------------------------------------
min: 18.377826690673828 max: 18.377826690673828 mean: 18.37782669067382818.377826690673828

----------------------------------------
min: 5.0 max: 44.31416320800781 mean: 24.55536079406738324.966712951660156

----------------------------------------
min: 5.0 max: 42.92577362060547 mean: 23.03239440917968823.893293380737305

----------------------------------------
min: 24.999998092651367 max: 49.999996185302734 mean: 33.6190452575683624.999998092651367

----------------------------------------
min: 13.169218063354492 max: 49.91245651245117 mean: 26.43861389160156223.646495819091797

----------------------------------------
min: 5.0 max: 49.974220275878906 mean: 28.44450950622558624.840829849243164

----------------------------------------
min: 4.999999046325684 max: 44.55439376831055 mean: 24.64884185791015624.974761962890625

----------------------------------------
min: 12.5 max: 19.684906005859375 mean: 12.9504423141479519.684906005859375

----------------------------------------
min: 12.5 max: 19.437597274780273 mean: 12.8263416290283219.437597274780273

----------------------------------------
min: 12.5 max: 17.53397560119629 mean: 13.50164318084716812.871597290039062

----------------------------------------
----------------------------------------
min: 0.7238322496414185 max: 0.7238322496414185 mean: 0.72383224964141850.7238322496414185
----------------------------------------
min: 0.6200202107429504 max: 0.6200202107429504 mean: 0.62002021074295040.6200202107429504
----------------------------------------
min: 0.9583913087844849 max: 0.9583913087844849 mean: 0.95839130878448490.9583913087844849
----------------------------------------
min: 0.4504401683807373 max: 24.18180274963379 mean: 14.20372676849365224.18180274963379
23.755126953125
22.740468978881836
18.745798110961914
6.664368629455566
2.8880813121795654
0.4504401683807373
----------------------------------------
min: 0.3914404511451721 max: 23.573970794677734 mean: 10.2559947967529323.573970794677734
22.122316360473633
13.472206115722656
9.754118919372559
1.1260310411453247
1.3518792390823364
0.3914404511451721
----------------------------------------
min: 0.1542329341173172 max: 49.85539245605469 mean: 28.26029205322265624.840896606445312
24.833824157714844
24.78017807006836
24.739604949951172
24.760635375976562
24.662487030029297
24.597801208496094
24.52048110961914
32.3096923828125
24.011110305786133
22.83192253112793
19.764251708984375
5.514676570892334
7.702277660369873
0.5002753734588623
0.3563837707042694
0.3414323925971985
0.31812217831611633
0.1542329341173172
43.49772644042969
44.35871124267578
40.24188232421875
27.57732582092285
24.978281021118164
24.968408584594727
24.977140426635742
24.981319427490234
24.98168182373047
24.983081817626953
24.982084274291992
24.981903076171875
24.98023223876953
25.979143142700195
24.98332405090332
24.979217529296875
24.98181915283203
24.982542037963867
24.98101043701172
24.97969627380371
24.979154586791992
24.97957992553711
24.98106575012207
24.978336334228516
24.975894927978516
24.97879981994629
24.976511001586914
24.97843360900879
24.97849464416504
24.97540283203125
24.976360321044922
24.978008270263672
24.975780487060547
24.973739624023438
24.97456932067871
25.967130661010742
38.90230941772461
49.81974792480469
49.849853515625
49.85539245605469
49.84353256225586
49.832088470458984
49.75831985473633
49.75813293457031
49.71829605102539
49.4548225402832
49.441749572753906
49.25840759277344
48.58509826660156
47.35833740234375
----------------------------------------
min: 0.012315124273300171 max: 46.202945709228516 mean: 18.40162086486816424.993806838989258
24.99331283569336
24.993358612060547
24.993432998657227
24.993144989013672
24.99345588684082
24.99359130859375
24.993019104003906
32.986671447753906
24.993528366088867
24.992944717407227
24.993167877197266
24.993362426757812
24.993215560913086
24.993000030517578
24.993223190307617
24.993377685546875
24.992923736572266
24.992416381835938
24.952016830444336
24.949201583862305
24.94463348388672
24.94268035888672
24.936115264892578
24.92730712890625
24.928577423095703
24.919628143310547
24.913131713867188
24.903282165527344
24.889629364013672
24.876934051513672
24.8514461517334
25.827566146850586
24.790691375732422
24.72296142578125
24.670894622802734
24.552417755126953
24.301219940185547
23.606416702270508
21.083337783813477
7.221977233886719
2.3070716857910156
1.205989122390747
0.1278136968612671
0.042250074446201324
0.018650755286216736
0.016130831092596054
0.015864243730902672
0.014305483549833298
0.014804858714342117
0.012776888906955719
0.012315124273300171
0.015061771497130394
0.01357822585850954
0.16825039684772491
27.148897171020508
43.5491943359375
25.448102951049805
24.8298397064209
24.864519119262695
24.915620803833008
24.931137084960938
24.941486358642578
24.93324851989746
24.900094985961914
24.928234100341797
24.902265548706055
24.915510177612305
24.89158058166504
24.88263702392578
24.881505966186523
24.89242935180664
24.84781837463379
24.783445358276367
24.892253875732422
24.845890045166016
24.782207489013672
24.735048294067383
24.659873962402344
24.63460350036621
24.430606842041016
24.13692283630371
24.291641235351562
24.401369094848633
23.97406768798828
23.43865394592285
21.330476760864258
13.981890678405762
12.17776870727539
9.277966499328613
0.671747088432312
0.48329252004623413
0.4119904637336731
0.33328863978385925
0.22529318928718567
0.1404557228088379
0.161531001329422
0.1064138412475586
0.09038487821817398
0.09387999773025513
1.1623222827911377
0.12028167396783829
16.76608657836914
46.202945709228516
42.75648498535156
21.65347671508789
18.920812606811523
5.908205032348633
14.516436576843262
0.4546726942062378
0.5831623673439026
2.087491750717163
0.356692373752594
2.050356388092041
3.7240712642669678
5.628936767578125
3.7694602012634277
3.793090343475342
1.8560445308685303
30.531492233276367
24.929424285888672
24.94777488708496
24.963695526123047
24.972068786621094
24.970937728881836
24.970947265625
24.973899841308594
24.970104217529297
24.97054672241211
24.97032356262207
24.970888137817383
24.970783233642578
24.969615936279297
24.969846725463867
24.968366622924805
24.96849822998047
24.96554183959961
24.964351654052734
24.82921600341797
24.8072566986084
24.773656845092773
24.740463256835938
24.689659118652344
24.581960678100586
24.462411880493164
24.239030838012695
23.74140739440918
22.610294342041016
17.84764289855957
1.2997559309005737
0.7882195711135864
2.746403217315674
----------------------------------------
min: 0.03202729672193527 max: 43.63207244873047 mean: 16.364629745483442.54926681518555
30.977035522460938
25.010936737060547
24.99139976501465
24.994094848632812
24.995084762573242
24.99595832824707
24.996042251586914
32.896366119384766
24.996177673339844
24.995803833007812
24.995956420898438
24.996150970458984
24.996126174926758
24.995901107788086
24.995832443237305
24.99607276916504
24.995765686035156
24.995332717895508
24.87520408630371
24.863643646240234
24.840425491333008
24.82660675048828
24.808530807495117
24.77663230895996
24.764461517333984
24.701488494873047
24.640085220336914
24.55491065979004
24.42379379272461
24.184484481811523
23.745838165283203
23.792850494384766
19.638259887695312
7.295012950897217
0.25005441904067993
1.1416289806365967
0.8755624294281006
0.27286243438720703
0.11520414054393768
0.10065268725156784
0.06230129301548004
0.04439661651849747
0.03628116473555565
0.04077371954917908
0.035864755511283875
0.03562792018055916
0.03760601952672005
0.035471752285957336
0.033513087779283524
0.03407889977097511
0.03202729672193527
0.03637080267071724
0.03285589814186096
1.5534799098968506
24.253320693969727
41.15256118774414
30.719621658325195
24.386945724487305
24.288259506225586
24.583736419677734
24.542236328125
24.560380935668945
24.217065811157227
23.565467834472656
23.43253517150879
20.98242950439453
14.497398376464844
10.384788513183594
2.734264612197876
2.2060017585754395
1.246808648109436
0.7189469933509827
0.802391767501831
0.5431922674179077
0.43312451243400574
0.33230772614479065
0.26875630021095276
0.2553951144218445
0.21645194292068481
0.2504993677139282
0.20289605855941772
31.981639862060547
43.63207244873047
39.301395416259766
27.82085418701172
24.83982276916504
24.883901596069336
24.906333923339844
24.908903121948242
24.91663360595703
24.893905639648438
24.902055740356445
24.8973388671875
24.90410614013672
24.897216796875
24.890790939331055
24.879201889038086
24.875974655151367
24.866870880126953
24.863712310791016
24.845203399658203
24.885055541992188
24.952213287353516
24.952781677246094
22.671592712402344
18.394872665405273
3.0098299980163574
7.416770935058594
2.395620822906494
0.33657050132751465
2.0074357986450195
0.19319412112236023
2.0031745433807373
3.72112774848938
5.6538615226745605
3.811887502670288
3.821171998977661
1.841805338859558
28.026493072509766
25.038297653198242
24.93899154663086
24.946094512939453
24.951704025268555
24.94879913330078
24.946788787841797
24.951337814331055
24.6446533203125
24.941390991210938
24.935712814331055
24.933761596679688
24.93326187133789
24.932680130004883
24.92951774597168
24.922956466674805
24.92677116394043
24.91988182067871
24.916004180908203
24.04755401611328
23.58098793029785
22.142515182495117
15.988873481750488
0.5022783279418945
0.2823857069015503
0.7053947448730469
0.4655655324459076
0.27304452657699585
0.1652432531118393
0.12111130356788635
0.07951150834560394
0.06862194836139679
1.6567522287368774
----------------------------------------
min: 0.008789797313511372 max: 46.92324447631836 mean: 12.49799442291259846.92324447631836
46.227569580078125
42.97294616699219
34.504364013671875
25.202533721923828
24.992849349975586
24.989517211914062
24.990577697753906
32.82720184326172
24.991243362426758
24.990869522094727
24.99154281616211
24.991743087768555
24.99182891845703
24.991086959838867
24.9909610748291
24.991365432739258
24.991168975830078
24.990407943725586
24.692293167114258
24.643735885620117
24.57887077331543
24.52147674560547
24.372081756591797
24.16034698486328
23.91692352294922
23.21721839904785
21.569965362548828
16.12150001525879
2.4833908081054688
0.26917392015457153
0.6520916819572449
1.714011788368225
0.39859822392463684
0.235615074634552
0.13254988193511963
0.10046946257352829
0.08753800392150879
0.07989336550235748
0.0773143619298935
0.09331241250038147
0.07976245880126953
0.06921372562646866
0.06561333686113358
0.07172776013612747
0.06235881894826889
0.06313062459230423
0.0650622546672821
0.059115804731845856
0.05857519060373306
0.058462709188461304
0.057975247502326965
0.061900362372398376
0.055445197969675064
1.302170991897583
8.45888900756836
10.238140106201172
5.245727062225342
2.8917224407196045
1.2777516841888428
1.6020697355270386
0.8279711604118347
0.7428834438323975
0.5965782999992371
0.355620801448822
0.3771722912788391
0.3471760153770447
0.28754276037216187
0.19494710862636566
0.2508006989955902
0.2675435543060303
0.31668299436569214
0.18480679392814636
0.22601279616355896
0.2921365797519684
0.2262548804283142
0.17295023798942566
0.1440659612417221
0.1437930017709732
0.13060453534126282
0.15012480318546295
0.11711104959249496
32.81473159790039
44.97482681274414
41.40365982055664
30.478239059448242
24.96515655517578
24.95975685119629
24.969018936157227
24.97123146057129
24.976802825927734
24.9716796875
24.972381591796875
24.9719181060791
24.977214813232422
24.97550392150879
24.975786209106445
24.9752140045166
24.974510192871094
24.97426986694336
24.97653579711914
24.973119735717773
24.98289680480957
24.987646102905273
24.989404678344727
22.94985008239746
19.22423553466797
5.534014701843262
5.7145280838012695
1.0052555799484253
0.9886580109596252
2.2707912921905518
0.1692097783088684
1.9922115802764893
3.841794967651367
5.865228176116943
3.9248178005218506
3.9309933185577393
1.9120445251464844
35.27435302734375
25.089698791503906
24.983577728271484
24.98625946044922
24.989280700683594
24.98955535888672
24.9892578125
24.990360260009766
24.884410858154297
24.98984146118164
24.98938751220703
24.9893798828125
24.989225387573242
24.989849090576172
24.989425659179688
24.989072799682617
24.989784240722656
24.98883628845215
24.989110946655273
24.75724220275879
24.728994369506836
24.682300567626953
24.62180519104004
24.530710220336914
24.333538055419922
24.088321685791016
23.49842643737793
21.69048500061035
15.124173164367676
0.6262570023536682
0.053979724645614624
0.09459318220615387
1.95478355884552
0.15047436952590942
0.1405676007270813
0.10694209486246109
0.10683417320251465
0.08206777274608612
0.06412746757268906
0.059835318475961685
0.057475391775369644
0.04334959015250206
0.03736395388841629
0.03644729405641556
0.042690496891736984
0.03251121938228607
0.03432205319404602
0.029391277581453323
0.02681739255785942
0.02818945422768593
0.027874059975147247
0.029004810377955437
0.03384055197238922
0.02544999122619629
1.648600697517395
4.884369850158691
4.485836982727051
2.2168619632720947
1.7033355236053467
0.9757554531097412
1.2087655067443848
0.7599846720695496
0.7609270811080933
0.5846251249313354
0.3252454102039337
0.362775057554245
0.27553555369377136
0.3075639307498932
0.19578546285629272
0.25898540019989014
0.2979181706905365
0.35485607385635376
0.18502551317214966
0.23668447136878967
0.3904265761375427
0.23316162824630737
0.17412535846233368
0.1424241065979004
0.12951573729515076
0.11538434028625488
0.13362376391887665
0.10508643090724945
32.915035247802734
45.181968688964844
41.61467742919922
31.180879592895508
24.9155216217041
24.955238342285156
24.96746253967285
24.96918296813965
24.97661590576172
24.969806671142578
24.9698543548584
24.97047996520996
24.97747230529785
24.974390029907227
24.975502014160156
24.974075317382812
24.9731388092041
24.97395896911621
24.999610900878906
24.972423553466797
25.038270950317383
25.023420333862305
25.044845581054688
19.156980514526367
5.35570764541626
0.08575709164142609
5.785400867462158
0.08798908442258835
0.1281944364309311
2.0977580547332764
0.1266772747039795
1.9996503591537476
3.8559749126434326
6.013766765594482
4.013495445251465
4.046392917633057
1.9214118719100952
42.34178924560547
27.66352081298828
25.022144317626953
24.994504928588867
24.995174407958984
24.995397567749023
24.995403289794922
24.995853424072266
24.942977905273438
24.995689392089844
24.99555778503418
24.99557113647461
24.99553680419922
24.995859146118164
24.995656967163086
24.99555206298828
24.995792388916016
24.995420455932617
24.995532989501953
24.812355041503906
24.793743133544922
24.767934799194336
24.738187789916992
24.696949005126953
24.606117248535156
24.52867317199707
24.379886627197266
24.021358489990234
23.473709106445312
21.93232536315918
15.873741149902344
1.0552085638046265
1.6075791120529175
0.02289767935872078
0.030346117913722992
0.032490842044353485
0.043803926557302475
0.03971269354224205
0.03400995209813118
0.035626959055662155
0.03575320914387703
0.028719857335090637
0.02503983862698078
0.02544812485575676
0.03071155771613121
0.023327842354774475
0.024985643103718758
0.021365609019994736
0.01921481266617775
0.020871827378869057
0.02071950025856495
0.02139921300113201
0.025850985199213028
0.01878872700035572
1.7080518007278442
4.437793254852295
3.2585062980651855
2.0710504055023193
1.2984774112701416
0.9108284711837769
0.9909665584564209
0.5792539119720459
0.8285154104232788
0.5677056908607483
0.3437773585319519
0.40104538202285767
0.29543522000312805
0.36561235785484314
0.23160018026828766
0.2861022353172302
0.32362258434295654
0.35919609665870667
0.19795262813568115
0.2787846028804779
0.3762144446372986
0.2534745931625366
0.19374190270900726
0.16100619733333588
0.14309728145599365
0.12790340185165405
0.14211517572402954
0.11316792666912079
32.703636169433594
44.83635330200195
40.83081817626953
30.09218406677246
24.903108596801758
24.948265075683594
24.961685180664062
24.96246910095215
24.971311569213867
24.961956024169922
24.961280822753906
24.96177864074707
24.972200393676758
24.967941284179688
24.969043731689453
24.966323852539062
24.96569061279297
24.966796875
25.11380386352539
24.96578598022461
25.246992111206055
25.164634704589844
25.231584548950195
15.031868934631348
1.1644587516784668
0.11810266971588135
5.737003803253174
0.020685778930783272
0.01651931367814541
1.9785515069961548
0.013744545169174671
1.9461181163787842
3.868333578109741
5.888215065002441
3.9456546306610107
3.9502835273742676
1.9380680322647095
36.3607177734375
25.2792911529541
25.012598037719727
25.000350952148438
24.99920082092285
24.99879264831543
24.998676300048828
24.998775482177734
24.96902847290039
24.99834632873535
24.99842643737793
24.99849510192871
24.998567581176758
24.9986629486084
24.998506546020508
24.998416900634766
24.998544692993164
24.998449325561523
24.998401641845703
24.682588577270508
24.63719940185547
24.561372756958008
24.45194435119629
24.250335693359375
23.804271697998047
22.939701080322266
20.198453903198242
8.17068099975586
0.10619928687810898
0.008789797313511372
0.009208515286445618
0.013972481712698936
1.6139024496078491
0.017941782251000404
0.01902802661061287
0.016371121630072594
0.020558543503284454
0.017978431656956673
0.014879847876727581
0.01594223454594612
0.01646813005208969
0.013448570854961872
0.011689792387187481
0.012343769893050194
0.016194427385926247
0.011797364801168442
0.012967945076525211
0.010957782156765461
0.0098474882543087
0.011058464646339417
0.011122047901153564
0.011572036892175674
0.014626867137849331
0.01016369927674532
1.5011080503463745
4.401913642883301
3.4973840713500977
1.7327276468276978
1.2339047193527222
0.8553286194801331
0.9565927982330322
0.49596473574638367
0.8382081985473633
0.5706431269645691
0.36772432923316956
0.43175801634788513
0.30962157249450684
0.40584856271743774
0.2587347626686096
0.3043839931488037
0.33582964539527893
0.3439238667488098
0.20566816627979279
0.3010965883731842
0.3490196764469147
0.2652694880962372
0.20447945594787598
0.17304500937461853
0.15399481356143951
0.13611721992492676
0.15028829872608185
0.12194754183292389
32.587646484375
44.6185188293457
40.26630783081055
29.170522689819336
24.887922286987305
24.940650939941406
24.95491600036621
24.955129623413086
24.96498680114746
24.953048706054688
24.95193862915039
24.952054977416992
24.965791702270508
24.95979118347168
24.961193084716797
24.956806182861328
24.956226348876953
24.95766258239746
25.320884704589844
24.95749855041504
25.503597259521484
25.391815185546875
25.576416015625
11.924243927001953
0.8419438004493713
0.1698896437883377
5.673168659210205
0.03862912952899933
0.02861197106540203
1.9694269895553589
0.01893862895667553
1.9415531158447266
3.8493218421936035
5.825928211212158
3.922610282897949
3.9189364910125732
1.9309543371200562
34.96577453613281
25.21208953857422
25.0118350982666
25.001720428466797
25.000444412231445
24.99997329711914
24.999893188476562
24.999847412109375
24.989356994628906
24.999513626098633
24.999629974365234
----------------------------------------
min: 0.002504781587049365 max: 44.37870407104492 mean: 13.7307395935058624.99944305419922
24.999237060546875
24.999229431152344
24.999431610107422
24.999677658081055
24.999683380126953
24.999731063842773
24.999771118164062
24.98942756652832
24.999492645263672
24.999618530273438
24.99970054626465
24.999773025512695
24.999753952026367
24.999664306640625
24.999582290649414
24.999662399291992
24.999664306640625
24.99959373474121
24.708280563354492
24.671215057373047
24.604690551757812
24.517587661743164
24.351898193359375
24.001550674438477
23.371257781982422
21.60167694091797
13.70227336883545
0.5273025631904602
0.0231422521173954
0.004961339756846428
0.003336117370054126
1.3528120517730713
0.0029406866524368525
0.0031563653610646725
0.0027915476821362972
0.00317241414450109
0.002962337341159582
0.002586164278909564
0.0028475860599428415
0.0032975852955132723
0.0028151306323707104
0.0025251328479498625
0.0025911126285791397
0.0032927023712545633
0.0025905435904860497
0.002769631100818515
0.002689287532120943
0.002504781587049365
0.0027396678924560547
0.002735454821959138
0.002682104241102934
0.0033505286555737257
0.0027187890373170376
1.3251107931137085
3.0030126571655273
3.585331439971924
1.7973847389221191
1.166637659072876
0.8649404644966125
1.0635318756103516
0.5112868547439575
0.7836604118347168
0.6167599558830261
0.40596529841423035
0.46651822328567505
0.3239993155002594
0.45243075489997864
0.27937111258506775
0.33035188913345337
0.36073780059814453
0.3363596200942993
0.2113402932882309
0.3286685347557068
0.36535409092903137
0.28232502937316895
0.21923579275608063
0.18306782841682434
0.16276311874389648
0.1408718377351761
0.15293505787849426
0.1245342493057251
32.50361633300781
44.37870407104492
39.735164642333984
27.896793365478516
24.877925872802734
24.932661056518555
24.945783615112305
24.944955825805664
24.956134796142578
24.940847396850586
24.93891716003418
24.938385009765625
24.95630645751953
24.947895050048828
24.949024200439453
24.94265365600586
24.94170379638672
24.943635940551758
25.527591705322266
24.942392349243164
25.69631004333496
25.627513885498047
26.089059829711914
9.788753509521484
0.8110295534133911
0.3648121953010559
5.5529985427856445
0.08742315322160721
0.06647197902202606
1.9654895067214966
0.03704697638750076
1.9316654205322266
3.8078715801239014
5.747285842895508
3.90262770652771
3.8889193534851074
1.9112054109573364
35.30155944824219
25.26172637939453
25.01517105102539
25.003124237060547
25.001312255859375
25.000633239746094
25.00051498413086
25.000389099121094
24.995054244995117
25.000032424926758
25.000181198120117
25.000375747680664
25.000389099121094
25.000308990478516
25.000240325927734
25.000139236450195
25.000215530395508
25.00027847290039
25.000158309936523
24.68796730041504
24.64895248413086
24.565624237060547
24.463319778442383
24.25826644897461
23.796306610107422
22.870861053466797
19.90263557434082
7.2437052726745605
0.10871927440166473
0.006196979898959398
----------------------------------------
min: 3.6385695934295654 max: 23.019107818603516 mean: 11.51470375061035216.120105743408203
17.470136642456055
21.825700759887695
12.70723819732666
17.71905517578125
10.101022720336914
11.716116905212402
13.642861366271973
13.156417846679688
9.062103271484375
15.285956382751465
15.856439590454102
7.4651055335998535
8.793501853942871
7.679619789123535
22.190399169921875
12.924338340759277
8.40478229522705
8.368321418762207
13.299223899841309
11.025351524353027
18.904279708862305
20.923133850097656
16.42702293395996
16.743635177612305
13.764175415039062
20.665979385375977
10.300976753234863
9.98637580871582
13.402600288391113
14.54788589477539
13.726917266845703
13.820259094238281
11.328393936157227
16.27965545654297
15.766799926757812
8.095121383666992
13.803144454956055
12.481300354003906
12.603248596191406
9.21009635925293
13.869050025939941
17.005268096923828
17.413551330566406
23.019107818603516
12.765673637390137
9.034459114074707
12.346115112304688
11.90003490447998
10.027364730834961
12.856496810913086
8.756175994873047
12.623619079589844
10.891630172729492
12.043304443359375
15.169837951660156
11.171433448791504
15.792201042175293
16.799592971801758
16.740480422973633
14.701411247253418
10.872215270996094
9.653013229370117
6.389745712280273
17.51948356628418
13.628368377685547
13.51944351196289
10.631661415100098
7.4394211769104
7.031717777252197
15.402172088623047
15.272655487060547
10.66951847076416
19.91987419128418
14.880392074584961
10.952950477600098
15.203639030456543
15.389242172241211
12.35777759552002
11.05232048034668
7.206508636474609
9.139820098876953
19.87489891052246
10.349756240844727
17.372650146484375
9.429240226745605
12.28972053527832
12.883523941040039
11.937685012817383
10.75412654876709
12.69755744934082
11.599638938903809
12.46415901184082
10.606371879577637
12.39571475982666
12.121535301208496
11.169512748718262
8.41670036315918
7.8311381340026855
12.830133438110352
9.981539726257324
16.135305404663086
9.259745597839355
14.15410327911377
10.788448333740234
9.435603141784668
10.876766204833984
11.28312873840332
13.898744583129883
10.809698104858398
8.299812316894531
8.140406608581543
12.84635066986084
8.05433464050293
6.648151874542236
7.516737461090088
8.455947875976562
10.722914695739746
3.6385695934295654
11.973698616027832
13.240559577941895
16.12236785888672
10.23709487915039
13.18779468536377
10.167325019836426
10.4982271194458
11.852331161499023
10.012911796569824
8.05765438079834
12.34908676147461
11.791426658630371
7.904790878295898
8.01843547821045
8.697214126586914
17.42917823791504
10.929899215698242
7.093899726867676
7.32530403137207
11.701040267944336
9.878066062927246
15.515181541442871
14.962465286254883
12.208057403564453
12.36240291595459
9.001435279846191
12.961801528930664
9.779330253601074
8.707058906555176
9.819328308105469
10.119611740112305
8.665206909179688
10.636802673339844
9.600360870361328
10.631068229675293
9.849340438842773
7.755210876464844
10.679244041442871
8.560018539428711
9.33895206451416
7.5217204093933105
10.460155487060547
12.570962905883789
10.705109596252441
11.841070175170898
8.53913402557373
8.552544593811035
7.72988224029541
8.036666870117188
10.030847549438477
9.781389236450195
8.346834182739258
10.253857612609863
8.279952049255371
9.427696228027344
11.254095077514648
9.226105690002441
11.250056266784668
11.8099365234375
11.446564674377441
12.806563377380371
10.449150085449219
7.992166042327881
6.945970058441162
12.198705673217773
9.70034122467041
9.224296569824219
8.183899879455566
7.240495681762695
6.921109199523926
11.345952033996582
12.013505935668945
9.818389892578125
12.862719535827637
11.431662559509277
9.265850067138672
9.726361274719238
10.837812423706055
10.999176025390625
11.578642845153809
6.909163951873779
8.437738418579102
13.783260345458984
10.314543724060059
13.190014839172363
8.645094871520996
10.190620422363281
10.527687072753906
9.5554838180542
9.305377006530762
10.763467788696289
11.422664642333984
10.928766250610352
9.668585777282715
10.554573059082031
10.923325538635254
8.6461820602417
8.177785873413086
6.350188255310059
10.57323932647705
----------------------------------------
min: 2.9942150115966797 max: 16.328691482543945 mean: 9.18567180633545----------------------------------------
min: 2.99387788772583 max: 15.558013916015625 mean: 8.416741371154785----------------------------------------
min: 2.963955879211426 max: 14.632001876831055 mean: 7.849582672119141----------------------------------------
min: 3.075908660888672 max: 14.534784317016602 mean: 7.396662712097168
----------------------------------------
min: 2.9959354400634766 max: 14.364361763000488 mean: 7.015678405761719
----------------------------------------
min: 2.922149181365967 max: 14.440629959106445 mean: 6.737271785736084
----------------------------------------
min: 2.908193826675415 max: 14.242339134216309 mean: 6.501382350921631
----------------------------------------
min: 2.8742167949676514 max: 13.950836181640625 mean: 6.286266803741455
----------------------------------------
min: 2.627161741256714 max: 13.319252967834473 mean: 6.11637544631958
----------------------------------------
min: 2.4606356620788574 max: 13.364561080932617 mean: 6.018842697143555
----------------------------------------
min: 2.4050583839416504 max: 13.239444732666016 mean: 5.899753570556641
----------------------------------------
min: 2.194542646408081 max: 12.866665840148926 mean: 5.659161567687988
----------------------------------------
min: 2.0693817138671875 max: 12.849333763122559 mean: 5.492339611053467
----------------------------------------
min: 2.007720470428467 max: 12.058777809143066 mean: 5.299140453338623
----------------------------------------
min: 1.9615957736968994 max: 11.894185066223145 mean: 5.203397274017334
----------------------------------------
min: 1.9232453107833862 max: 11.396891593933105 mean: 5.095332145690918
----------------------------------------
min: 1.8035871982574463 max: 11.481439590454102 mean: 5.067952632904053
----------------------------------------
min: 1.925940752029419 max: 11.240330696105957 mean: 4.887458324432373
----------------------------------------
min: 1.8575785160064697 max: 10.071261405944824 mean: 4.8899030685424805
----------------------------------------
min: 1.5995858907699585 max: 10.622274398803711 mean: 4.639981746673584
----------------------------------------
min: 1.5620169639587402 max: 9.773714065551758 mean: 4.716216087341309
----------------------------------------
min: 1.6170533895492554 max: 12.065726280212402 mean: 4.480454444885254
----------------------------------------
min: 1.314613938331604 max: 9.632342338562012 mean: 4.566302299499512
----------------------------------------
min: 1.419723629951477 max: 10.201416015625 mean: 4.517684459686279
----------------------------------------
min: 1.4117685556411743 max: 9.659005165100098 mean: 4.38995361328125
----------------------------------------
min: 1.3139678239822388 max: 9.542410850524902 mean: 4.295845031738281
----------------------------------------
min: 1.2351230382919312 max: 13.11278247833252 mean: 4.3689093589782715
----------------------------------------
min: 1.2331663370132446 max: 12.429479598999023 mean: 4.297181606292725
----------------------------------------
min: 1.2877681255340576 max: 10.728628158569336 mean: 4.274223327636719
----------------------------------------
min: 1.2689412832260132 max: 10.048107147216797 mean: 4.1713361740112305
----------------------------------------
min: 1.3783795833587646 max: 9.35494327545166 mean: 3.9938037395477295
----------------------------------------
min: 1.3312444686889648 max: 9.193537712097168 mean: 3.9464855194091797
----------------------------------------
min: 1.1015361547470093 max: 14.236547470092773 mean: 4.078887939453125
----------------------------------------
min: 1.0542216300964355 max: 8.86209774017334 mean: 3.904367208480835
----------------------------------------
min: 1.1414803266525269 max: 10.878552436828613 mean: 3.9163742065429688
----------------------------------------
min: 1.0852293968200684 max: 9.51677417755127 mean: 3.8169593811035156
----------------------------------------
min: 0.8734895586967468 max: 19.814393997192383 mean: 4.100584983825684
----------------------------------------
min: 0.9357858896255493 max: 17.316320419311523 mean: 4.134822845458984
----------------------------------------
min: 0.9928285479545593 max: 8.487791061401367 mean: 3.7583539485931396
----------------------------------------
min: 0.6393718123435974 max: 9.397933006286621 mean: 3.675537109375
----------------------------------------
min: 0.8968756198883057 max: 8.772557258605957 mean: 3.5077407360076904
----------------------------------------
min: 0.7260690927505493 max: 14.98394775390625 mean: 3.8143815994262695
----------------------------------------
min: 0.8341531753540039 max: 9.508570671081543 mean: 3.593334436416626
----------------------------------------
min: 0.556842565536499 max: 13.52207088470459 mean: 3.5636954307556152
----------------------------------------
min: 0.5629380345344543 max: 13.71265697479248 mean: 3.429511308670044
----------------------------------------
min: 0.5890570878982544 max: 8.895430564880371 mean: 3.327432632446289
----------------------------------------
min: 0.7011750936508179 max: 8.670883178710938 mean: 3.212533712387085
----------------------------------------
min: 0.5816553235054016 max: 12.221768379211426 mean: 3.376612424850464
----------------------------------------
min: 0.7431667447090149 max: 8.736467361450195 mean: 3.177222490310669
----------------------------------------
min: 0.6768307089805603 max: 8.594746589660645 mean: 3.1185553073883057
----------------------------------------
min: 0.5323901176452637 max: 9.10267448425293 mean: 3.0205812454223633
----------------------------------------
min: 0.492363303899765 max: 8.23115062713623 mean: 2.8668110370635986
----------------------------------------
min: 0.3921453654766083 max: 10.546934127807617 mean: 2.9690842628479004
----------------------------------------
min: 0.4365154206752777 max: 12.749810218811035 mean: 3.0090620517730713
----------------------------------------
min: 0.4679923355579376 max: 7.561213493347168 mean: 2.6960744857788086
----------------------------------------
min: 0.4811895191669464 max: 7.834425449371338 mean: 2.848257064819336
----------------------------------------
min: 0.48938047885894775 max: 10.774130821228027 mean: 2.8946409225463867
----------------------------------------
min: 0.38577887415885925 max: 8.127662658691406 mean: 3.0179903507232666
----------------------------------------
min: 0.3997706472873688 max: 17.86067008972168 mean: 2.8561744689941406
----------------------------------------
min: 0.3921246826648712 max: 7.391522407531738 mean: 2.645286798477173
----------------------------------------
min: 0.45096856355667114 max: 9.956865310668945 mean: 2.791614294052124
----------------------------------------
min: 0.37234801054000854 max: 17.32349395751953 mean: 2.908759355545044
----------------------------------------
min: 0.40871769189834595 max: 7.929808139801025 mean: 2.6595683097839355
----------------------------------------
min: 0.33918023109436035 max: 7.517443656921387 mean: 2.5032317638397217
----------------------------------------
min: 0.2650119364261627 max: 14.200852394104004 mean: 2.6290464401245117
----------------------------------------
min: 0.38186001777648926 max: 10.99032974243164 mean: 2.577721118927002
----------------------------------------
min: 0.39843761920928955 max: 6.916234970092773 mean: 2.4799821376800537
----------------------------------------
min: 0.3511873781681061 max: 7.399203777313232 mean: 2.228790521621704
----------------------------------------
min: 0.32943958044052124 max: 11.6276216506958 mean: 2.368581533432007
----------------------------------------
min: 0.3416684567928314 max: 11.872450828552246 mean: 2.394395589828491
----------------------------------------
min: 0.3137069642543793 max: 7.013098239898682 mean: 1.9803462028503418
----------------------------------------
min: 0.21637225151062012 max: 7.368176460266113 mean: 2.1550092697143555
----------------------------------------
min: 0.3053182363510132 max: 15.771441459655762 mean: 2.218196392059326
----------------------------------------
min: 0.3210744559764862 max: 6.952200889587402 mean: 2.059577465057373
----------------------------------------
min: 0.3528549373149872 max: 9.14297866821289 mean: 2.1954901218414307
----------------------------------------
min: 0.27200213074684143 max: 6.90178918838501 mean: 2.1495611667633057
----------------------------------------
min: 0.2533630132675171 max: 6.6925201416015625 mean: 1.9095157384872437
----------------------------------------
min: 0.246005117893219 max: 6.968848705291748 mean: 1.8033720254898071
----------------------------------------
min: 0.26141589879989624 max: 7.087353229522705 mean: 1.8760567903518677
----------------------------------------
min: 0.22094033658504486 max: 10.341739654541016 mean: 2.1361379623413086
----------------------------------------
min: 0.15462885797023773 max: 6.879560947418213 mean: 1.7412797212600708
----------------------------------------
min: 0.21572063863277435 max: 10.369499206542969 mean: 2.1515419483184814
----------------------------------------
min: 0.21528568863868713 max: 6.738522052764893 mean: 1.6896874904632568
----------------------------------------
min: 0.13779768347740173 max: 6.300619602203369 mean: 1.5599136352539062
----------------------------------------
min: 0.16812336444854736 max: 6.666631698608398 mean: 1.6039930582046509
----------------------------------------
min: 0.13857720792293549 max: 6.503711223602295 mean: 1.6751071214675903
----------------------------------------
min: 0.13829340040683746 max: 7.78232479095459 mean: 1.7919206619262695
----------------------------------------
min: 0.12330545485019684 max: 12.798660278320312 mean: 1.7855324745178223
----------------------------------------
min: 0.11098618805408478 max: 6.559549331665039 mean: 1.7170521020889282
----------------------------------------
min: 0.09498544782400131 max: 6.561681747436523 mean: 1.5193369388580322
----------------------------------------
min: 0.1144489273428917 max: 8.342223167419434 mean: 1.793791651725769
----------------------------------------
min: 0.1506950855255127 max: 9.269267082214355 mean: 1.6436316967010498
----------------------------------------
min: 0.09321972727775574 max: 6.886135578155518 mean: 1.563614010810852
----------------------------------------
min: 0.09350673109292984 max: 9.169351577758789 mean: 1.7657244205474854
----------------------------------------
min: 0.07842327654361725 max: 10.58059310913086 mean: 1.7082593441009521
----------------------------------------
min: 0.09013257175683975 max: 6.211141586303711 mean: 1.463026762008667
----------------------------------------
min: 0.03555160388350487 max: 14.666828155517578 mean: 1.8494123220443726
----------------------------------------
min: 0.09070830792188644 max: 13.572979927062988 mean: 1.872487187385559
----------------------------------------
min: 0.1203496977686882 max: 13.337459564208984 mean: 1.6571500301361084
----------------------------------------
min: 0.06507409363985062 max: 6.704168796539307 mean: 1.4279115200042725
----------------------------------------
min: 0.08194324374198914 max: 15.638448715209961 mean: 1.8019514083862305
----------------------------------------
min: 0.048663586378097534 max: 10.295242309570312 mean: 1.6790118217468262
----------------------------------------
min: 0.06669021397829056 max: 5.6563639640808105 mean: 1.2707115411758423
----------------------------------------
min: 0.0727129802107811 max: 9.10008430480957 mean: 1.3910452127456665
----------------------------------------
min: 0.06142919883131981 max: 7.052943229675293 mean: 1.430956244468689
----------------------------------------
min: 0.06996934860944748 max: 9.25853157043457 mean: 1.617493748664856
----------------------------------------
min: 0.07661015540361404 max: 13.597416877746582 mean: 1.3918391466140747
----------------------------------------
min: 0.05134421959519386 max: 7.633432865142822 mean: 1.4696588516235352
----------------------------------------
min: 0.06017658859491348 max: 7.216516494750977 mean: 1.297298789024353
----------------------------------------
min: 0.05373894050717354 max: 7.442744255065918 mean: 1.3984378576278687
----------------------------------------
min: 0.0484221875667572 max: 6.5192036628723145 mean: 1.299860954284668
----------------------------------------
min: 0.03696034848690033 max: 5.8235368728637695 mean: 1.124575138092041
----------------------------------------
min: 0.05165945738554001 max: 15.61966323852539 mean: 1.5998167991638184
----------------------------------------
min: 0.054496921598911285 max: 6.994775295257568 mean: 1.3698102235794067
----------------------------------------
min: 0.05925259366631508 max: 8.626297950744629 mean: 1.3015438318252563
----------------------------------------
min: 0.04612718150019646 max: 5.553401947021484 mean: 1.1765588521957397
----------------------------------------
min: 0.04695289954543114 max: 11.132733345031738 mean: 1.3606641292572021
----------------------------------------
min: 0.026248743757605553 max: 9.028685569763184 mean: 1.4079103469848633
----------------------------------------
min: 0.04614848271012306 max: 7.355347156524658 mean: 1.3140164613723755
----------------------------------------
min: 0.02138233557343483 max: 6.022192478179932 mean: 1.206432819366455